$ANSIBLE_VAULT;1.1;AES256
64646230303263323931346363643764613737333037666135613265303066303263316136343166
3536666534376230353633313261396632313963326363640a383066343439343039646266303363
63636262373134313330363236656362653061346231656662613336313732306462636431303064
3434646531376537390a383865623135643366306339336137623635323235633035643037623734
64303937613936616633383430656434386365326433333431323438346138623331626133386336
34306561643235373132663436353030353231333138656664383564653734383062313863653133
62353531623166613038626633356236633061393832653066326533376530653732396239303034
62303939363532643739383230326635373063346666643364666564336535646138303166326336
37303664626430303532333336363335646262616234393337383564313933336164666638646262
61316161353238366262366363386135323232326437666436623839386232383837336230633834
63656232323036656661376534386562326335363732353564323264623333346434373161613539
32303763323333383438356232623966346636373030636531663561343166393064353033313239
37313434383136616530386661393732396230623764373433346162626536656239336235393831
64353365663533613061386334316462356231373530303630353261636362376533623137613461
30393534653535353761366233373066303935643831346334343031626431613033396462326534
64316137373934343861346236333062333731323263656364363839653265303065646462623562
64666262626231353930663132653538333362396433613966653563333439356136646336306363
31323666613336386131343162353631363735333965313739303034656338656330323234323438
31393035343438643932396438323335636265383266363339386231383361396162623563636637
38326239666465323362343462663230313232663931643436343264656264613463333936346131
61326133303639313131643566626465343434663039306339653030356136363731643731316534
65323933366635666366313530633734373563303937376137333938353332643237316238336131
35616539616430616366653834316534376363653935393061613436383036633937326339346635
61333733633565326363653536386436363961306462383666346164303461663234326461306161
37356564633866353962386465373133393936326562333764303664326330326364653738313866
35333862333639633535643262353533316239643266393739313335383765623063353432623831
32303864643031313232633436633164373736363035303834393661613730376265666236316233
38366462346630363136363236313934663339336665653231393963393865616263313137386530
31383637663362396261346439343932396162363430336530636332323932313339653261326138
34333361323765353232663665656561363531313361396666636430633733616138663163343134
31346238653939666436366535346635626636653536656430363333643138623730623938336539
34343764303263633032356337346234303634386535633136616331343530643532313935636137
64356539303061393133653862633962346662636630313665636564376362306363353635663861
62373238636165313538663430393963336137646139633831376363656435663465363866396436
34373932633831613330373038363730643534626538653038323234396664356565393936333033
39616161653162333336316339643931626636343635663133626136333633633638626263333236
61363964623865353030373634643831323933356465343661343930303831633962663135373136
62633861393433303834323339393935663832656539323264353431383831383466653337633433
64353139333630326463396532393139353339666530663362623063623437663539383534666332
64346137613539383739383032373064326666663066373236656435373034626432393461303833
37636234613061386664646166376530313732656533643964613739383936653439313630393838
39623333353334656365303861663532643037323664646631306539326134326263653837633631
38626133366130666165643130386139653136613031636465626634363730613039383561393531
36363634343836666133363464313930393234346637616533323331326139613737326564343064
62353732306366326330336130323734323733323330326431653661656630316630376661386232
32656531326233306639613332356139316663623734353865383733393236346161333139313134
31653437363632313937643132386464316562386365353132323435623762363739643765653439
61653634373033613765353638656433626530663464383234366435343236663236383731656534
32303063663862623038613331303261333930323561643739376138633161323634393036653332
62656235666334303464353266336235363465336134653561653139616462663933323865633437
36343736653336356638343432323739613836373266626537646331653335353935303234333939
34323862326537306138333034613563633335653835663562306633323930303138336534396466
30396434323632376630653434643462323266393832646461643461643637643930633031363964
30326262316136336262636165656665353538383061396536336537333238653732343039633139
63323330643033643835373735663035333839643038343939663235663837313935623037393132
32313364393762646661653065366662373337643063666133633231346563646462613534363033
65633765613530623363333134303463376363653566653639613564626534633365626333313963
37303365663962636538396432326561366633386635396439353536376132373430323765356432
39366663616430366535393231613166646364386365356134636137316339623765656239386164
39386334333563333366373938383237336138306431623737393034633261373062613837653034
30623436626238343830626139343062343035333662313034643539316437643961666261396132
38343339323663316561666132353437623965333666346662383830346637663763353631353265
36373931363134326230393335643632643236323734626334373264316639323936356234366131
65306132666633633163666638613663323135303766303236656633303631386165306362303866
65343333376432336232626263613038306262643866396637383966656336653664633366303261
37383563656264336431303434636134666162666631323662303438663831323830333735653762
33313061316539613731333731653431346362643230386463616539663731386561666261616133
37613935323966373866346638363036366364353161356266373536306166313331613331383534
66333437303838356338343565393339343634613634633039666536666466633866326265613166
35363864356439626538653465366561663633303236333835393731666133633761333539396161
33326664393433646439313834383866623331316366396639646664666462323339343366396463
30383035396665663234373031386534363064346635626430336531623063353263376138306530
32663464613939316632383161343937613965333932616435383339313730396465383764633561
65653531633962323264653536653737343638663866666339656634303063373365633265363662
63313163613730316662383366383233313538343637653636313938363431333666616664376463
61633265313438343433383839356530663932623439313434643730373666323330303436316565
65653664623730316531373332373234373331366364363130636666653662323733343030663634
38663363623164306563323536373239303338373735353264343964393138303263373438646431
63323337396632663531393635616262353430636461656339306266326637396538633930396162
66336337616265616333633933373936393665383333343566646634363963333561653565383233
38373738396464346266633935366130613464383231373638313634383038646562383436376566
37326364316165633437333333653361623630353635373362353533386461366465393039393239
66306466373930633964666439323838303966303164336166616136633332316333353132373030
61643339393234643131326432383036303564626436306565653332663635373136313766363666
66653435333061373733626364386432303731386632346566306561373337323862366430316336
66356132653661393763313130393463306663396233616232613464366437353862656639393837
36336139376631643838353961353665323663646632333763633837663138326139643233666537
31653132626539626431336538313064323937643933336662303832313834386137653935623662
33613363303963636132303464393762326137636232643262386637393137363531323362363765
33323839323864653261363235323565313262653939653066633562386135353565616139363434
30343461633034623736613332373338343531333335613666336662613235663231393037383238
38316136656639613361393332316635363261393731666533626165656265633039383038313037
34626465356535356237363135346130666562376232353330306562353535623133663065323866
61383031653265646362393239383536653132386166363333303165323938396466613939373139
623631666132343333643739653665653364
